84.3527 9.62644 93.8343 73.7984
82.1354 13.0564 90.9842 71.2054
89.3545 16.3604 81.7723 59.9882
86.1052 19.304 91.0554 68.9925
83.9571 20.1543 91.4787 69.5127
89.3874 21.7831 79.4273 59.3708
85.4629 27.2174 91.5249 68.7177
41.1842 116.908 80.1173 64.0491
83.0801 123.98 80.8199 62.1949
89.7585 130.038 71.1279 54.4562
29.6145 122.575 79.8776 67.0809
45.7261 124.234 77.6145 62.5045
73.2069 127.493 87.8673 63.5702
78.1229 128.355 87.5638 62.8429
82.2768 129.808 79.5995 61.2764
44.5185 136.555 74.373 57.0425
74.9727 134.159 85.3435 61.5349
77.8192 136.369 78.0436 53.9296
85.5637 134.029 72.7056 50.8151
85.6765 146.52 71.5436 40.9153
60.1758 222.284 88.272 73.5319
72.8594 228.115 84.5817 69.7962
94.5685 233.712 82.5499 60.9468
98.4546 235.347 77.6078 57.3425
104.489 237.997 80.6613 60.4864
60.9902 231.2 83.2862 72.5479
77.9793 232.597 83.2525 66.9563
94.5421 234.155 84.8757 65.3583
94.6426 233.627 87.1955 66.513
99.8949 238.724 86.5948 65.8283
101.079 239.548 83.0868 64.1619
64.2487 243.043 76.2707 61.3239
94.7133 239.077 75.1613 55.6954
99.0337 239.056 82.1201 60.0664
102.673 241.494 85.2678 62.9632
101.973 243.079 81.7074 59.512
371.354 265.69 79.7543 67.0633
365.758 278.826 79.2782 60.7386
374.682 272.228 77.8856 62.5094
372.063 273.114 79.3101 65.0423
357.005 285.403 77.4269 51.4326
375.944 272.441 76.5625 50.0818
44.422 324.531 85.4236 66.4549
67.693 326.534 82.7022 65.1153
33.5493 325.892 89.9734 73.2444
42.9409 329.762 86.2008 68.0999
63.3909 338.905 72.9751 58.2467
68.8833 338.145 78.1629 57.7735
73.9163 339.949 76.8264 55.5868
51.7547 333.698 87.0974 64.1956
67.1691 340.681 75.1916 58.913
65.253 339.292 77.3913 62.0538
69.9015 343.18 77.7237 58.7249
70.7581 341.125 70.7993 46.4013
73.239 345.513 68.347 45.5968
69.2915 344.174 77.3965 53.3546
53.23 444.664 83.521 63.735
54.4285 442.823 83.8187 64.665
61.6237 445.606 82.8698 61.5181
66.5222 451.233 80.5616 61.3743
29.0861 452.094 92.4509 73.7059
39.2802 445.845 84.6522 69.254
47.2884 441.526 88.2406 69.8859
52.8117 441.8 92.2696 74.0359
64.6101 447.164 89.2689 65.748
68.8864 445.03 81.9729 65.0943
53.447 453.874 89.2393 68.2101
74.4047 462.062 72.1368 50.8026
72.2464 453.736 82.1813 59.3121
16.2948 466.587 82.5208 63.2139
189.291 517.638 83.302 53.1639
145.177 517.215 88.4165 53.8754
185.178 524.914 88.8571 56.9457
185.76 525.158 97.2237 64.7108
183.075 531.534 87.1804 55.1806
